a <- c(3,4,5)
b <- 41

c <- a+b
